[INFO]
version = 1
run = 1

[COIN]
btc_ltc = 1
btc_waves = 1
btc_snm = 1

[PRICE]
btc_ltc = 0.00000001
btc_waves = 0.00000001
btc_snm = 0.0000001

